2.9760049468742142;0.0	4.140745407397999;0.0	4.203621756689412;0.0	4.095025818274832;0.0	4.359577865847412;0.0	
2.958865151152109;0.0	4.298945619246896;0.0	4.317806786990212;0.0	4.12893921181328;0.0	4.202900069842309;0.0	
3.6992105810012363;0.0	3.9584158223223653;0.0	4.1227008017050535;0.0	4.154216162755902;0.0	4.305441388987793;0.0	
1.5921479800342528;0.0	4.386668105677113;0.0	4.071492107433573;0.0	4.2216814969698;0.0	4.328303110568564;0.0	
2.391240843302658;0.0	3.863780092610841;0.0	4.0521519009947236;0.0	4.223295954560954;0.0	4.250673241789577;0.0	
3.041969045376431;0.0	3.867174965012718;0.0	4.083085786825552;0.0	4.400921043663716;0.0	4.214000041097734;0.0	
3.875488965154752;0.0	4.2539120515038995;0.0	4.16127290885827;0.0	4.084470414199698;0.0	4.332012435667278;0.0	
3.1228530582080003;0.0	3.8513035598013765;0.0	4.100581538659136;0.0	4.01650898856566;0.0	4.1257812755332814;0.0	
3.463663448735996;0.0	4.308765976669334;0.0	4.153257798321854;0.0	4.132916037531584;0.0	4.1336921638426;0.0	
1.7496507643665065;0.0	4.388680614899692;0.0	4.241250128152379;0.0	4.279726802157561;0.0	4.561797544708815;0.0	
2.7908489633413365;0.0	4.169945943405196;0.0	4.125986300769654;0.0	3.99755051343848;0.0	4.366289536823911;0.0	
3.025592600175778;0.0	4.29131617996891;0.0	4.20899867077273;0.0	4.367101013600924;0.0	4.201811473058775;0.0	
3.29398208155497;0.0	4.111188928732014;0.0	4.107167830700034;0.0	4.123441961765042;0.0	4.155615954166019;0.0	
7.766216366677833;0.0	9.708404708406498;0.0	7.898804254300982;0.0	7.337346389383395;0.0	6.301893122867628;0.0	
9.201052270335676;0.0	9.760922734630217;0.0	9.037121938185626;0.0	8.070189356495522;0.0	7.831539964182332;0.0	
9.02167011403866;0.0	9.742196026896684;0.0	8.57503556433149;0.0	7.717629433268493;0.0	7.165759878714079;0.0	
7.735866357205671;0.0	9.985462827853752;0.0	8.66422866438303;0.0	7.078271513904258;0.0	6.251815350848851;0.0	
8.565175555290436;0.0	9.323895328922418;0.0	7.6749294950117495;0.0	6.981492331689112;0.0	6.077682035335855;0.0	
8.130967966053818;0.0	10.182304863660878;0.0	9.112349293513162;0.0	7.769499808561825;0.0	7.479070960685622;0.0	
7.776915223265256;0.0	10.18758503463269;0.0	9.1272359893113;0.0	6.595412060881885;0.0	6.061428925413018;0.0	
7.146742150971622;0.0	10.09869840653572;0.0	8.787095159600508;0.0	7.558161889265141;0.0	6.606099201369371;0.0	
8.780691111167453;0.0	9.985795154256875;0.0	8.658557569415159;0.0	7.723142937907477;0.0	6.885248712795493;0.0	
8.753731358269343;0.0	9.780963990144537;0.0	8.900224720349309;0.0	8.096532741463916;0.0	7.747353141720309;0.0	
7.976549688025462;0.0	9.704033622521186;0.0	8.466281084118377;0.0	7.489946556389956;0.0	6.8277470235641475;0.0	
8.378413483436587;0.0	9.731116673692286;0.0	8.344465631137718;0.0	7.202163605578186;0.0	6.116291779957589;0.0	
8.393811429623128;0.0	9.544342862493128;0.0	8.746765701621824;0.0	7.191793015019296;0.0	6.750662198914683;0.0	
8.550749015197917;0.0	10.029968774586854;0.0	9.152533465967132;0.0	7.4733007007812455;0.0	7.052259102814162;0.0	
8.40011890519226;0.0	10.04792511343868;0.0	9.283003393945263;0.0	7.340707059397452;0.0	6.286834299528632;0.0	
8.463209157335402;0.0	9.831966100375082;0.0	7.960840765690405;0.0	7.421244409825015;0.0	6.52226169337216;0.0	
8.516961866999095;0.0	9.948689603911376;0.0	8.829279890551685;0.0	7.941437878247429;0.0	7.425590732671497;0.0	
8.898750281404903;0.0	9.775628841800298;0.0	8.7984110530578;0.0	7.699925063826985;0.0	7.378860859728174;0.0	
8.162903553069578;0.0	9.667639266229699;0.0	8.533203720228022;0.0	7.058234939860382;0.0	6.106395633430722;0.0	
7.656742444487451;0.0	9.445836952931884;0.0	7.8237532670686765;0.0	7.018286400692108;0.0	6.099921030894856;0.0	
8.15607818897206;0.0	10.058417137705383;0.0	9.016235502951657;0.0	7.799841334898754;0.0	7.422148877725644;0.0	
8.214730014271193;0.0	10.038974502431223;0.0	9.19748898657633;0.0	6.766918343884092;0.0	6.1393115196269825;0.0	
8.031401077606809;0.0	9.971227489117881;0.0	9.04432563379996;0.0	7.70193395996425;0.0	6.358398686487704;0.0	
9.0451551890142;0.0	10.073399866006982;0.0	8.1730753061313;0.0	7.564639887140098;0.0	6.4344482976532085;0.0	
8.827267128042648;0.0	9.844525147522468;0.0	9.008603114966878;0.0	7.965223711202074;0.0	8.0172005855925;0.0	
8.208810004263187;0.0	9.66529545635778;0.0	8.738226804619112;0.0	7.408576943930824;0.0	6.811264744452986;0.0	
6.849233749746063;0.0	10.110210640685693;0.0	8.420319813398075;0.0	7.144076802931064;0.0	5.873446804780524;0.0	
8.17274947403041;0.0	9.363084292961513;0.0	8.43738739558682;0.0	6.844415408611576;0.0	6.348085087182108;0.0	
8.505154937610866;0.0	9.899971485815;0.0	8.893433279146787;0.0	7.651530283846436;0.0	7.015282965966876;0.0	
8.30241782137672;0.0	9.94942868440674;0.0	9.257288256713894;0.0	6.906679673628503;0.0	5.8277135335482475;0.0	
9.035155353391671;0.0	9.915700973347118;0.0	8.405914268893506;0.0	7.252174268126558;0.0	6.226188982139632;0.0	
9.074883042145714;0.0	10.034697203478695;0.0	8.670113543882323;0.0	7.925224958394962;0.0	7.210010539281202;0.0	
9.006139434965117;0.0	9.652846835936703;0.0	8.80514221028221;0.0	7.828586498777696;0.0	7.257354750490254;0.0	
7.314303634287684;0.0	9.569810418416589;0.0	8.46047985474658;0.0	7.087051077517969;0.0	6.422777243266571;0.0	
8.279132582877494;0.0	9.569985603696015;0.0	7.909884917788769;0.0	6.969238486321414;0.0	6.422237541792169;0.0	
8.380638331439899;0.0	9.773866314996578;0.0	8.803452626523704;0.0	7.627326155349691;0.0	7.076682854604776;0.0	
8.413228766235138;0.0	9.960664168853041;0.0	9.24028212635789;0.0	7.223752030706263;0.0	6.717860211634144;0.0	
8.17675116242628;0.0	9.893550937677704;0.0	9.180307322317818;0.0	7.389737768630778;0.0	6.330538889709283;0.0	
8.838900051201279;0.0	9.962502291931111;0.0	7.935607669964405;0.0	7.436877636430305;0.0	6.515563116915703;0.0	
9.079950891124525;0.0	9.685881272225377;0.0	8.983608871642417;0.0	8.038164618503181;0.0	7.849093390960722;0.0	
9.085540074242253;0.0	9.701281485364568;0.0	8.473660467446543;0.0	7.562132604570184;0.0	6.959557657636787;0.0	
6.860562602976982;0.0	9.829635721053764;0.0	8.510169455832736;0.0	7.003195046639205;0.0	6.199460698548213;0.0	
8.638634239358211;0.0	9.274420817720934;0.0	7.702676552412219;0.0	7.136901838912309;0.0	6.4277246706633715;0.0	
8.240845244303216;0.0	10.065466452088964;0.0	9.079449361249093;0.0	7.836287716370019;0.0	7.435183545311023;0.0	
7.546126425700477;0.0	10.094104511625682;0.0	9.104372421089398;0.0	6.795521586781588;0.0	5.9963297372953885;0.0	
7.531986755014043;0.0	10.0132898055625;0.0	8.795760751249555;0.0	7.493170809937811;0.0	6.493756257185437;0.0	
8.777198234832913;0.0	9.908245753490851;0.0	8.686701035668465;0.0	7.760554717005171;0.0	6.858861410480817;0.0	
8.79304987216859;0.0	9.730831936844332;0.0	8.876203203533825;0.0	8.128562118923652;0.0	7.800771576028333;0.0	
7.52824643781785;0.0	9.58487115277362;0.0	8.459632135592457;0.0	7.093681815658184;0.0	6.801927998155681;0.0	
8.27996742804112;0.0	9.67883184901894;0.0	8.330352013843257;0.0	6.937760429657347;0.0	5.999317829635427;0.0	
7.990552721506011;0.0	9.465406724919585;0.0	8.65261169790242;0.0	7.210292291768625;0.0	6.609561431681959;0.0	
8.40252770334728;0.0	9.943879905284774;0.0	9.082333070120994;0.0	7.333762370800601;0.0	6.98975342113134;0.0	
8.305607358912704;0.0	9.983474042222086;0.0	9.196311950622515;0.0	7.279679920575479;0.0	6.309066553986801;0.0	
8.146610677834271;0.0	9.760256975708204;0.0	7.868854260036104;0.0	7.404418027928591;0.0	6.506059243149913;0.0	
8.305815526952347;0.0	9.755170940143932;0.0	8.802989735468996;0.0	7.819676591404556;0.0	7.5056170947666905;0.0	
8.791368924069323;0.0	9.628970977862974;0.0	8.73308310897257;0.0	7.674838724569084;0.0	7.139029305740996;0.0	
8.233556180592538;0.0	9.572184164218418;0.0	8.574075832564791;0.0	7.041507025958504;0.0	6.208205756896908;0.0	
6.310632257283228;0.0	9.440202089386023;0.0	7.717681400144805;0.0	6.989356139996556;0.0	6.091987850421428;0.0	
8.087442868988754;0.0	9.954525156874514;0.0	8.991562900472655;0.0	7.754536353350152;0.0	7.327877955055339;0.0	
8.114990047296057;0.0	9.9543754723352;0.0	9.208524745290767;0.0	6.899375035260363;0.0	6.192794074389155;0.0	
7.905489367210546;0.0	9.855439333278749;0.0	9.009331566013119;0.0	7.6447948571919095;0.0	6.372153066999625;0.0	
8.86099024646313;0.0	9.911870720260932;0.0	8.132595928801116;0.0	7.669345309850191;0.0	6.476159334862114;0.0	
8.730247471960782;0.0	9.715584770386492;0.0	9.024722088895308;0.0	7.978587998472914;0.0	7.933651519420731;0.0	
8.109664081079655;0.0	9.589082029740732;0.0	8.749383776480322;0.0	7.36809930292711;0.0	6.757896931476289;0.0	
7.121279548849808;0.0	9.931369098567878;0.0	8.339433425906691;0.0	7.24781512718656;0.0	6.394053034448699;0.0	
8.26984504150243;0.0	9.370449487316638;0.0	8.308674982982483;0.0	6.814674247899348;0.0	6.392453198131451;0.0	
8.427557964231731;0.0	9.778164113953503;0.0	8.753541849703945;0.0	7.450463321849895;0.0	7.191410676361642;0.0	
8.21959536580665;0.0	9.841358263366105;0.0	9.16281601137354;0.0	6.963422471192726;0.0	6.056940185304216;0.0	
8.958223554799032;0.0	9.896813967914298;0.0	8.356117686171148;0.0	7.187735690966571;0.0	6.106055029433977;0.0	
8.832862408641523;0.0	9.853972437568764;0.0	8.59860010994953;0.0	7.9287578445476745;0.0	7.372431539013889;0.0	
8.94790641377856;0.0	9.500346484852763;0.0	8.726732284090124;0.0	7.841371656135323;0.0	7.280328586493323;0.0	
7.48217333921714;0.0	9.454553868614694;0.0	8.542283640451478;0.0	7.219354088951532;0.0	6.507055660058918;0.0	
7.970461163389931;0.0	9.47339323635938;0.0	8.031212089975835;0.0	7.06581776449842;0.0	5.997140736087469;0.0	
8.340231448791863;0.0	9.590333796176603;0.0	8.728457313673527;0.0	7.39516449968935;0.0	7.097912958454443;0.0	
8.513270048061008;0.0	9.803108069979764;0.0	9.226446476318927;0.0	7.052043510149335;0.0	6.616449466618376;0.0	
7.610073992441097;0.0	9.810085500565899;0.0	9.123009405309302;0.0	7.549914320893944;0.0	6.07586743986035;0.0	
8.676648092035343;0.0	9.888437622382517;0.0	7.7646466349084005;0.0	7.4925579010257835;0.0	6.548727133952922;0.0	
8.835765735568655;0.0	9.61426787337378;0.0	8.948039023155193;0.0	7.943587258969844;0.0	7.73408415512602;0.0	
8.878783524308478;0.0	9.613209849531005;0.0	8.426910869500759;0.0	7.660849435245752;0.0	6.849254810351597;0.0	
7.648688367730569;0.0	9.775023829697501;0.0	8.578964728641047;0.0	7.031541078366576;0.0	6.215412912937621;0.0	
8.35447631423268;0.0	9.252672776996556;0.0	7.73034347275053;0.0	7.090779468452272;0.0	6.331390965965086;0.0	
7.852065071706205;0.0	10.001183114381583;0.0	9.00525045154717;0.0	7.747726141209043;0.0	7.47142367055061;0.0	
7.665094628436112;0.0	10.04517324593303;0.0	9.073753135867443;0.0	6.547000059197518;0.0	6.042103574367358;0.0	
6.89342492152327;0.0	9.95825049947786;0.0	8.704548860045861;0.0	7.511661595161973;0.0	6.4135358559279325;0.0	
8.230866945152005;0.0	9.747622327047353;0.0	8.650492008688017;0.0	7.804720783150062;0.0	6.827941432647869;0.0	
8.531114092777628;0.0	9.660464038505932;0.0	8.803274868576816;0.0	8.051511049502276;0.0	7.708364144266388;0.0	
7.774129549516523;0.0	9.573512658235211;0.0	8.505281487693965;0.0	7.32652465344651;0.0	6.369610730325711;0.0	
7.4748649055782055;0.0	9.703986599466603;0.0	8.447592264954647;0.0	7.012648926584423;0.0	6.36829262654234;0.0	
7.548812028788109;0.0	9.46809534544451;0.0	8.585447616801822;0.0	7.26248687734842;0.0	6.818317887798301;0.0	
8.176241414853399;0.0	9.903214752879318;0.0	9.113482161266134;0.0	7.366843700356365;0.0	6.965820758815481;0.0	
7.803105978651427;0.0	9.916985700537516;0.0	9.219139989132815;0.0	7.242721324418027;0.0	6.277076603684276;0.0	
8.280265970573996;0.0	9.645938927813857;0.0	7.871399632036697;0.0	7.460289096063081;0.0	6.408818605114737;0.0	
7.890471237538258;0.0	9.57904092495621;0.0	8.880438600619572;0.0	7.826603720555862;0.0	7.338827101496501;0.0	
8.407108452330055;0.0	9.651956037763437;0.0	8.711075515601419;0.0	7.751625201453181;0.0	7.159171878956934;0.0	
8.102295346392689;0.0	9.490522714860923;0.0	8.583159425338833;0.0	7.088808226280955;0.0	6.207659750208513;0.0	
7.256327116370958;0.0	9.435003657854569;0.0	7.679390217285194;0.0	7.1202281085862715;0.0	6.1554951083379175;0.0	
8.154085652076141;0.0	9.848488335879232;0.0	8.97526098698513;0.0	7.822606346506183;0.0	7.423505409416439;0.0	
7.991546407051052;0.0	9.901385674691822;0.0	9.148828443781973;0.0	6.895059605846846;0.0	6.3146162239509405;0.0	
7.46893660618374;0.0	9.871134302125471;0.0	9.03170936265632;0.0	7.665751924172746;0.0	6.463754669356991;0.0	
8.776262611956282;0.0	9.84922444370836;0.0	8.223359973321632;0.0	7.604195482682695;0.0	6.302238236459513;0.0	
9.001957975614985;0.0	9.628113826514525;0.0	9.014798016400508;0.0	8.014414375645012;0.0	7.948061111853028;0.0	
8.211125346085801;0.0	9.538620361028542;0.0	8.666173666606248;0.0	7.388156245784273;0.0	6.895885907329459;0.0	
7.104110438312508;0.0	9.86963494492636;0.0	8.236469337039196;0.0	7.274788240027251;0.0	6.146234494477107;0.0	
8.163709839707735;0.0	9.278278609225946;0.0	8.3523195693377;0.0	6.86750582662599;0.0	6.333050656831568;0.0	
8.21215577484744;0.0	9.783074962448328;0.0	8.75750983876894;0.0	7.459797151623778;0.0	7.279146620560013;0.0	
7.786287980265442;0.0	9.794727566459676;0.0	9.157842937940842;0.0	6.838035134592495;0.0	5.9262050145564995;0.0	
8.83245219714077;0.0	9.798725474676012;0.0	8.345985500893635;0.0	7.1714850073878615;0.0	6.326060798679796;0.0	
8.841131447277933;0.0	9.858664589840421;0.0	8.599402026105434;0.0	7.940493381154159;0.0	7.287958565825757;0.0	
8.603340342829728;0.0	9.445494021944215;0.0	8.795984243923149;0.0	7.797253974322127;0.0	7.254367185768283;0.0	
7.194646393292897;0.0	9.477870105331444;0.0	8.537163406621568;0.0	7.06707852983743;0.0	6.3808689638372735;0.0	
7.895940929157953;0.0	9.455246515472023;0.0	8.055082180160436;0.0	7.144450438305781;0.0	6.0782146400362675;0.0	
8.43104344746988;0.0	9.609596103943451;0.0	8.719532595084338;0.0	7.391532386111093;0.0	7.043770732360504;0.0	
8.407960763014376;0.0	9.797610461936245;0.0	9.254072209150172;0.0	7.17733334831275;0.0	6.664248412448817;0.0	
7.613957185226982;0.0	9.748012252196432;0.0	9.152430896712334;0.0	7.533162175099387;0.0	6.341438800371727;0.0	
8.526772962106785;0.0	9.841953005946612;0.0	7.813863448793187;0.0	7.43687782494833;0.0	6.662862640490736;0.0	
8.850381407929644;0.0	9.562523008997502;0.0	8.931988985137352;0.0	7.937156894890528;0.0	7.8146089670837195;0.0	
8.624967303838504;0.0	9.521323243747721;0.0	8.411874055451941;0.0	7.583944244888536;0.0	6.814707386775582;0.0	
6.615427998076545;0.0	9.826785882908961;0.0	8.532550374151239;0.0	7.1793269496619265;0.0	6.219774611130865;0.0	
8.032825720092983;0.0	9.218016443920774;0.0	7.811597656008059;0.0	6.988702753359092;0.0	6.087662530544887;0.0	
7.729039752970689;0.0	9.9582197316449;0.0	9.037564490246638;0.0	7.819809434861191;0.0	7.370668388599358;0.0	
7.896228700016322;0.0	10.014907388324204;0.0	9.09982800269176;0.0	6.607529052385356;0.0	5.9949855365287945;0.0	
6.642413072123849;0.0	9.900703422730007;0.0	8.766769110534664;0.0	7.4435627004793625;0.0	6.302045127581454;0.0	
8.767021080211558;0.0	9.513540334518234;0.0	8.731644833618645;0.0	7.685677920466979;0.0	6.732239393513145;0.0	
8.767092090835316;0.0	9.671574665324828;0.0	8.740086448300087;0.0	7.9928373990426165;0.0	7.655564099638314;0.0	
7.710407125538747;0.0	9.608198881096929;0.0	8.424684730204646;0.0	7.412753482102557;0.0	6.6594171057993785;0.0	
8.197513619432526;0.0	9.649000367176553;0.0	8.449630201593562;0.0	6.898036121566035;0.0	6.023180961788793;0.0	
8.03297846544923;0.0	9.442666237753658;0.0	8.603410665146521;0.0	7.080149811660857;0.0	6.634232644635078;0.0	
7.8362980453783875;0.0	9.897677948791529;0.0	9.179986896523044;0.0	7.182866195935954;0.0	6.943040542855422;0.0	
7.302005327695402;0.0	9.85584919299365;0.0	9.326041417576924;0.0	7.372046385515378;0.0	6.354180025358296;0.0	
8.35148402670749;0.0	9.894618493358744;0.0	7.935596518301069;0.0	7.586455045212428;0.0	6.7802143692938275;0.0	
8.323682492670084;0.0	9.53508619600208;0.0	8.721714180019353;0.0	7.734923792597561;0.0	7.239667331250411;0.0	
8.292011245418735;0.0	9.465611699297016;0.0	8.503628230032463;0.0	7.84790309820446;0.0	7.133852348189382;0.0	
8.10246545857235;0.0	9.459999631469493;0.0	8.669977086942957;0.0	7.552933562462909;0.0	6.161048628123801;0.0	
7.197098405724145;0.0	9.296128591536636;0.0	7.844178649039932;0.0	7.219291271518476;0.0	6.059623830044668;0.0	
8.156557964343895;0.0	9.79172543957312;0.0	8.90024362371805;0.0	7.763246419333109;0.0	7.287953014832591;0.0	
7.984776838338937;0.0	9.914047054164918;0.0	9.127459211901893;0.0	7.0172766918118965;0.0	6.169271733094343;0.0	
7.3377878440257405;0.0	9.724289504502885;0.0	8.92761865338463;0.0	7.603912629050286;0.0	6.606289670977739;0.0	
8.75187873225401;0.0	9.835316021002779;0.0	8.180135584029536;0.0	7.687494677455068;0.0	6.551784483345387;0.0	
7.700548583578168;0.0	9.52964051934681;0.0	8.908402291723124;0.0	8.12142682664556;0.0	7.730519727433781;0.0	
7.892196756066445;0.0	9.597474548241662;0.0	8.723963742239997;0.0	7.594762843842589;0.0	6.957718126984537;0.0	
7.920412780552757;0.0	9.585788750999763;0.0	8.305222004021605;0.0	7.398714154203821;0.0	6.494335394973497;0.0	
8.357578774117707;0.0	9.507557065574625;0.0	8.209908836050063;0.0	7.120042286651385;0.0	6.793661227894183;0.0	
8.208950401885401;0.0	9.675946091083501;0.0	8.568141559370838;0.0	7.549266960520891;0.0	6.947830807827008;0.0	
8.056836155290746;0.0	10.029183537664938;0.0	9.288982699173156;0.0	6.987434518005827;0.0	6.157002049556091;0.0	
8.983728708705732;0.0	10.017649270053463;0.0	8.192587011139516;0.0	7.301340423235585;0.0	6.308197002769201;0.0	
9.027992491957217;0.0	9.961242423354049;0.0	8.574774913805312;0.0	8.056518328105787;0.0	7.349085189649433;0.0	
8.950673810969834;0.0	9.682758473510741;0.0	8.873942030793536;0.0	7.98554226266505;0.0	7.091304449068256;0.0	
7.806631773660727;0.0	9.468804595590548;0.0	8.495550751884787;0.0	7.287463482241933;0.0	6.38038143386109;0.0	
7.786424296495652;0.0	9.400907049737471;0.0	8.246670502435903;0.0	7.017309318345997;0.0	6.4447847908150955;0.0	
8.50407187833286;0.0	9.585295764731455;0.0	8.69394168841114;0.0	7.595316967773489;0.0	7.287859291486169;0.0	
7.94823905071275;0.0	9.829404708378663;0.0	9.129263929124894;0.0	6.961139968881773;0.0	6.666477210596857;0.0	
6.741791191960227;0.0	9.69688577770233;0.0	9.162131719066657;0.0	7.789420391347615;0.0	6.385231184515549;0.0	
8.309201612582074;0.0	10.217835210245306;0.0	7.982052574610807;0.0	7.308024538039368;0.0	6.681291821881297;0.0	
8.601514536432644;0.0	9.555959039853638;0.0	9.066917305328886;0.0	7.950477327618028;0.0	7.8095683279217365;0.0	
8.502373534471703;0.0	9.815461909165958;0.0	8.136994888576913;0.0	7.50816432156783;0.0	6.523144264764864;0.0	
6.566585829654732;0.0	9.837385263280005;0.0	8.41455444992488;0.0	7.152822366090184;0.0	6.526277261153259;0.0	
8.404676577903412;0.0	9.512826086846157;0.0	7.997151048636465;0.0	7.025330068021522;0.0	6.22880560870252;0.0	
8.518696934859362;0.0	9.902338042313426;0.0	9.057561725906423;0.0	7.869033833473151;0.0	7.388359957777088;0.0	
7.642747290287486;0.0	9.7897312228108;0.0	9.056040078275677;0.0	7.0628120810982455;0.0	6.492944471822309;0.0	
7.628738393620144;0.0	9.93067012644391;0.0	8.764163376430782;0.0	7.677970006761505;0.0	6.789275787123818;0.0	
8.306058678269384;0.0	10.137081741069993;0.0	8.327392860711207;0.0	7.6747198223702675;0.0	7.015494252147493;0.0	
8.632682403878336;0.0	9.575527058684024;0.0	8.78958600497553;0.0	8.02436564802218;0.0	7.451458478561639;0.0	
7.895896356647955;0.0	9.433366933888415;0.0	8.647720868929323;0.0	7.376031231605197;0.0	6.557644846567635;0.0	
7.312853293535702;0.0	9.833141655530408;0.0	8.555064200421853;0.0	6.918626369147646;0.0	6.23489591761101;0.0	
8.076076051851105;0.0	9.496150457972464;0.0	8.527066102791652;0.0	7.156311579499339;0.0	6.706790705431856;0.0	
7.438228386159681;0.0	9.867757359597334;0.0	9.063945915803133;0.0	7.251531600303643;0.0	7.2205655084843245;0.0	
7.630537540469128;0.0	9.885604577861047;0.0	9.299638922371527;0.0	6.983632634874492;0.0	6.273274297168878;0.0	
8.35709334525122;0.0	9.557067931097425;0.0	8.441800390926737;0.0	7.432121770949521;0.0	6.52830339415049;0.0	
7.974810225097248;0.0	9.748157392305243;0.0	8.455223908503463;0.0	7.94864540074374;0.0	7.499357170282186;0.0	
8.569734407369877;0.0	9.654911043396503;0.0	8.693135107606736;0.0	7.785280266864418;0.0	6.824678032423234;0.0	
8.269133847071569;0.0	9.84138154337296;0.0	8.48360962636799;0.0	7.413606323664603;0.0	6.362221722441694;0.0	
8.124603966809902;0.0	9.349648499257817;0.0	8.17564265926836;0.0	7.052971655013622;0.0	6.539708639998925;0.0	
8.50436280025045;0.0	9.997881151831086;0.0	8.904441655583462;0.0	7.750904008232373;0.0	7.4837323077151545;0.0	
7.642777527233735;0.0	9.543508248608997;0.0	9.126250090248893;0.0	6.557753248528651;0.0	6.249620647254486;0.0	
7.770974789923934;0.0	9.901976637056375;0.0	8.873182455411946;0.0	7.635775412849815;0.0	6.512358931519203;0.0	
8.737482892608716;0.0	9.59748898115159;0.0	8.078277728980385;0.0	7.609805941827218;0.0	6.304332970843235;0.0	
8.352879209671933;0.0	10.128929988771956;0.0	8.840657179928368;0.0	8.00405943727352;0.0	7.782962814309216;0.0	
8.037969519934872;0.0	9.462134946371187;0.0	8.641249783534798;0.0	7.459405985074725;0.0	6.482917247962075;0.0	
7.576598065921574;0.0	10.024063865312714;0.0	8.28761296135106;0.0	7.394773522127515;0.0	6.319612069056312;0.0	
8.172486108051732;0.0	9.234985211792813;0.0	8.252599712207303;0.0	6.729577541662873;0.0	6.471922101984144;0.0	
8.264242158173964;0.0	9.928252052171905;0.0	8.676243248379487;0.0	7.660533057511318;0.0	7.029695622202794;0.0	
8.06636961880492;0.0	9.758534111134097;0.0	9.218789148089813;0.0	7.136268785413357;0.0	6.039257066474355;0.0	
8.941817016597266;0.0	9.727308529368225;0.0	8.455847004588993;0.0	7.3148078557614715;0.0	6.196868746038305;0.0	
8.807834967695106;0.0	9.779771799935851;0.0	8.752683060901372;0.0	7.767301325631598;0.0	7.3983555949571205;0.0	
8.934682165215099;0.0	9.685318564773183;0.0	8.565580182625602;0.0	7.95444517499653;0.0	7.223800859283697;0.0	
7.979031395687013;0.0	9.28946578704256;0.0	8.582283538624184;0.0	7.524154260668346;0.0	6.3189603480923635;0.0	
8.05977973493506;0.0	9.337636232759028;0.0	8.311498756551408;0.0	7.376982485455998;0.0	6.216920248970559;0.0	
8.541083993279257;0.0	9.618738313009077;0.0	8.71900809178824;0.0	7.418734456066336;0.0	7.040616641953427;0.0	
8.344319891091965;0.0	9.787160447979975;0.0	9.19309521281923;0.0	7.430836445595085;0.0	6.953646119660904;0.0	
7.859619594478635;0.0	9.644155227032378;0.0	8.892919885176033;0.0	7.792384918205938;0.0	6.6376298448515705;0.0	
8.46862468360623;0.0	9.55991392863825;0.0	8.333742190221294;0.0	7.455895436854556;0.0	6.727472990540863;0.0	
8.93039266431469;0.0	9.619553654051083;0.0	8.981687387936718;0.0	8.026197163939647;0.0	7.706284579084034;0.0	
7.987899691816751;0.0	9.939219065508242;0.0	8.613197799484276;0.0	7.512042424916404;0.0	6.8687764511935985;0.0	
7.399441122819411;0.0	9.721395072123892;0.0	8.696194922406786;0.0	7.335080498296218;0.0	6.353643113191939;0.0	
8.387198099770567;0.0	9.027622823513681;0.0	7.869376790048386;0.0	7.465735184728253;0.0	6.485678909851772;0.0	
8.654767053959567;0.0	9.855945104767542;0.0	9.015729562010078;0.0	7.720941386054951;0.0	7.3038196292967505;0.0	
8.382550830235132;0.0	10.132690179439996;0.0	8.983745404039215;0.0	7.386139929240576;0.0	6.519170082067614;0.0	
7.865913676678574;0.0	9.741187535425889;0.0	8.673262138851873;0.0	7.725579849488258;0.0	6.330592464498152;0.0	
7.953118695230479;0.0	9.690487251427996;0.0	8.571407126718476;0.0	7.552269538260904;0.0	6.78690198088306;0.0	
8.223892229312057;0.0	9.659040293398089;0.0	8.653917648958577;0.0	8.024273302505556;0.0	7.750670370449183;0.0	
5.941752431582321;0.0	9.480660234102764;0.0	8.494131371025963;0.0	7.194804172646854;0.0	6.585505305959348;0.0	
8.508103106398169;0.0	9.395071536097907;0.0	8.233746656539104;0.0	7.379045868683474;0.0	5.885581787855808;0.0	
8.342732320829867;0.0	9.452793309532774;0.0	8.67944024023098;0.0	7.129825655057875;0.0	6.673322234709797;0.0	
8.791283390139109;0.0	9.681804702090364;0.0	9.068975941441861;0.0	7.2673282800949845;0.0	6.992249465858134;0.0	
8.147567764570598;0.0	9.857864782602702;0.0	9.244497266422089;0.0	7.152954218826062;0.0	6.21526344062183;0.0	
8.08654023944294;0.0	9.922120537168727;0.0	7.802093195587141;0.0	7.3542117150462705;0.0	6.289555011868244;0.0	
8.661317093545964;0.0	9.532272535118912;0.0	8.486285692339607;0.0	7.80617244762659;0.0	7.465045390613953;0.0	
8.844455601301023;0.0	9.702112026423373;0.0	8.774523679340367;0.0	7.848898818364157;0.0	7.120205317682595;0.0	
7.6209570926546535;0.0	9.4546107862395;0.0	8.3474909414195;0.0	7.146702121829541;0.0	6.3663782921234064;0.0	
7.387286324992158;0.0	9.413401292255276;0.0	7.536838795494222;0.0	7.12139026926004;0.0	6.07562951170607;0.0	
8.035695509575234;0.0	9.673772299701364;0.0	8.972672747077644;0.0	7.7032428440322365;0.0	7.23678326768772;0.0	
8.438572972473779;0.0	10.044950765139234;0.0	9.095051598137541;0.0	7.083308208067184;0.0	6.22610532039125;0.0	
8.09860597344131;0.0	9.82529502926425;0.0	8.958729858158527;0.0	7.687758774416848;0.0	6.417272133920279;0.0	
8.360816467521333;0.0	10.206225872205351;0.0	8.202893781538279;0.0	7.705965686755128;0.0	6.491207528750757;0.0	
8.465632707378433;0.0	9.496826457963495;0.0	8.6665887952785;0.0	7.80278981711128;0.0	7.756922082044247;0.0	
7.060046805153147;0.0	9.648671978391555;0.0	8.932230323071975;0.0	7.455141588595415;0.0	6.720154581505133;0.0	
7.419415339814469;0.0	9.651599614255181;0.0	8.137063276375622;0.0	7.470302444465293;0.0	6.209014561577996;0.0	
8.41386372936703;0.0	9.730086114839358;0.0	8.411507338697538;0.0	7.439857289851571;0.0	6.262067744003368;0.0	
8.029708102095691;0.0	9.665125621910414;0.0	8.823710997651517;0.0	7.300018131144929;0.0	7.030253393100065;0.0	
8.013896852222251;0.0	9.785465269989457;0.0	8.931758862167337;0.0	7.407019595408322;0.0	6.730782118359799;0.0	
8.514796916325695;0.0	9.832854897783584;0.0	8.450216351451802;0.0	7.554622582892629;0.0	6.563830029744253;0.0	
8.387915809531206;0.0	9.88622241471062;0.0	8.633738389841502;0.0	8.102896564700824;0.0	7.244934995964758;0.0	
8.452283484790868;0.0	9.51258354179916;0.0	8.738268444926604;0.0	7.975516426472537;0.0	7.130713446828049;0.0	
7.6114128097243015;0.0	9.76643378302701;0.0	8.800652290904859;0.0	7.365935733261862;0.0	6.482924591007751;0.0	
8.441433208343724;0.0	9.661572849676537;0.0	8.55870748359983;0.0	7.465342417549209;0.0	6.715199908171609;0.0	
8.411514212897158;0.0	9.69308096485408;0.0	8.804077683670974;0.0	7.341241721586626;0.0	7.0237862460804505;0.0	
8.193161868589714;0.0	9.83480843808958;0.0	9.08224521190052;0.0	7.1948475187328285;0.0	6.863001039460657;0.0	
7.622882287243216;0.0	9.751975775539808;0.0	9.016635164203123;0.0	7.479586259802097;0.0	6.574356984835206;0.0	
8.643369896952978;0.0	10.007729418225269;0.0	8.454042235652647;0.0	7.784696802640125;0.0	6.270905486500345;0.0	
8.572841265133452;0.0	9.690012357420082;0.0	8.852158965619404;0.0	7.859687609133085;0.0	7.761767188911326;0.0	
8.656659838770377;0.0	9.664094569524506;0.0	8.545006525235802;0.0	7.695287446061109;0.0	6.724415666628201;0.0	
7.523841765655809;0.0	9.786505728432635;0.0	8.4823264022365;0.0	7.190342983202677;0.0	6.3433102425979255;0.0	
7.942184500485892;0.0	9.534302812909317;0.0	8.294529274912458;0.0	7.155513790259708;0.0	6.064069487639385;0.0	
7.593623915425856;0.0	9.848666992835204;0.0	9.058529237939547;0.0	7.557850169426402;0.0	7.228539331574617;0.0	
6.885888109715694;0.0	9.864622952133134;0.0	9.103558109286366;0.0	6.711722327339763;0.0	6.225597976122807;0.0	
7.222656045892148;0.0	10.061752068474098;0.0	8.606802508447746;0.0	7.554609884237134;0.0	6.731966058654999;0.0	
8.759316192617316;0.0	9.899446585718435;0.0	8.45703041644144;0.0	7.7974536138958985;0.0	7.0696498812468205;0.0	
